start=5155.360000
volume=80.000000
fullscreen=yes
