start=1295.857000
volume=80.000000
fullscreen=yes
