start=1372.665152
fullscreen=yes
panscan=0.100000
