start=6518.970792
speed=0.909091
volume=80.000000
fullscreen=yes
