start=6950.360083
volume=130.000000
fullscreen=yes
